379 914
2 3 4 5 6 7 8 9 10 11 
1 3 
1 2 
1 5 6 7 10 12 13 14 15 16 17 18 19 20 21 22 23 24 25 26 27 28 29 30 31 32 33 34 35 36 37 38 39 40 
1 4 6 7 10 14 15 16 17 29 30 31 33 34 39 40 41 42 43 44 45 46 47 48 49 50 51 
1 4 5 10 12 13 14 15 16 17 24 25 29 30 31 33 34 35 36 38 39 
1 4 5 52 
1 9 11 53 54 55 56 57 58 59 60 61 62 63 64 
1 8 11 54 56 57 65 66 67 68 69 70 
1 4 5 6 33 34 
1 8 9 
4 6 13 14 32 71 72 73 74 
4 6 12 14 
4 5 6 12 13 15 16 17 29 30 75 76 77 78 79 80 
4 5 6 14 16 17 29 30 35 36 
4 5 6 14 15 17 29 30 
4 5 6 14 15 16 29 30 
4 26 27 28 
4 20 21 37 81 82 
4 19 21 37 81 82 
4 19 20 37 81 82 83 84 
4 85 86 
4 
4 6 25 
4 6 24 
4 18 27 28 
4 18 26 28 
4 18 26 27 
4 5 6 14 15 16 17 30 
4 5 6 14 15 16 17 29 
4 5 6 
4 12 
4 5 6 10 34 
4 5 6 10 33 
4 6 15 36 
4 6 15 35 
4 19 20 21 
4 6 
4 5 6 40 
4 5 39 
5 42 43 44 87 88 89 
5 41 43 44 50 51 71 72 87 88 89 90 91 92 
5 41 42 44 87 88 89 
5 41 42 43 51 90 
5 46 47 48 49 93 94 95 96 97 98 99 100 101 
5 45 
5 45 48 49 90 97 98 99 100 102 
5 45 47 49 
5 45 47 48 
5 42 
5 42 44 90 
7 103 104 105 106 107 
8 54 55 
8 9 53 55 56 59 
8 53 54 108 109 
8 9 54 58 60 61 62 63 64 
8 9 
8 56 110 
8 54 
8 56 61 62 63 64 
8 56 60 62 63 64 
8 56 60 61 63 64 
8 56 60 61 62 64 
8 56 60 61 62 63 
9 66 67 68 69 70 111 112 
9 65 67 68 69 70 111 112 
9 65 66 68 69 70 
9 65 66 67 69 70 112 
9 65 66 67 68 70 
9 65 66 67 68 69 
12 42 72 89 108 113 114 115 116 
12 42 71 89 108 114 115 116 
12 74 117 
12 73 
14 76 
14 75 
14 78 79 80 118 119 120 121 
14 77 79 80 
14 77 78 80 
14 77 78 79 
19 20 21 
19 20 21 
21 84 
21 83 
22 86 
22 85 
41 42 43 
41 42 43 
41 42 43 71 72 
42 44 47 51 99 102 
42 92 
42 91 
45 96 101 110 122 123 124 125 126 127 128 129 130 131 132 133 134 135 136 137 138 139 140 141 142 143 144 
45 95 145 146 147 
45 94 145 146 147 
45 93 133 
45 47 98 99 100 125 148 
45 47 97 99 100 125 148 
45 47 90 97 98 100 102 
45 47 97 98 99 
45 93 
47 90 99 
52 104 105 106 107 149 150 151 152 153 154 155 
52 103 105 152 156 
52 103 104 157 158 159 160 
52 103 107 151 154 155 
52 103 106 
55 71 72 109 161 162 
55 108 
58 93 163 164 165 166 167 168 169 170 171 172 
65 66 
65 66 68 
71 
71 72 173 174 
71 72 
71 72 
73 
77 119 120 121 
77 118 120 121 
77 118 119 121 
77 118 119 120 
93 123 124 
93 122 124 
93 122 123 
93 97 98 148 175 176 177 178 179 
93 149 180 181 182 183 184 185 186 187 188 189 190 191 192 193 194 
93 128 129 130 131 
93 127 129 130 
93 127 128 130 195 196 197 198 199 
93 127 128 129 131 200 201 202 
93 127 130 133 134 203 204 
93 133 
93 96 131 132 205 206 
93 131 203 204 207 
93 
93 137 
93 136 
93 
93 140 
93 139 
93 
93 143 144 
93 142 144 
93 142 143 
94 95 146 147 208 209 210 211 212 213 214 215 
94 95 145 147 208 209 212 216 217 218 
94 95 145 146 
97 98 125 
103 126 150 190 191 209 219 220 221 222 223 224 225 226 227 
103 149 209 221 222 224 225 228 229 230 231 232 233 234 
103 106 154 155 235 
103 104 
103 154 236 237 238 
103 106 151 153 155 239 
103 106 151 154 
104 
105 
105 159 160 240 
105 158 160 
105 158 159 
108 
108 
110 164 
110 163 241 242 243 244 
110 166 167 168 
110 165 167 
110 165 166 
110 165 245 246 247 248 249 250 251 252 
110 170 171 253 
110 169 171 
110 169 170 
110 
114 174 
114 173 254 255 256 257 
125 
125 177 178 
125 176 178 
125 176 177 179 
125 178 
126 181 182 183 184 185 
126 180 182 183 184 185 
126 180 181 183 184 185 258 
126 180 181 182 184 185 186 194 
126 180 181 182 183 185 
126 180 181 182 183 184 
126 183 187 188 
126 186 
126 186 
126 
126 149 191 
126 149 190 
126 193 
126 192 
126 183 
129 196 197 199 259 260 261 262 263 264 265 
129 195 197 199 259 260 261 262 263 264 265 
129 195 196 199 259 260 261 262 263 264 265 
129 266 267 268 269 270 
129 195 196 197 
130 201 
130 200 
130 
131 134 
131 134 
133 206 
133 205 
134 
145 146 209 
145 146 149 150 208 212 221 271 272 273 274 
145 211 212 213 219 220 275 276 277 278 279 
145 210 
145 146 209 210 213 
145 210 212 
145 215 
145 214 
146 280 281 
146 218 282 283 284 285 
146 217 
149 210 220 222 275 276 277 278 279 
149 210 219 222 226 275 276 277 278 279 286 287 288 289 290 
149 150 209 291 
149 150 219 220 224 225 
149 227 292 293 294 
149 150 222 225 233 295 296 297 298 299 300 301 302 303 
149 150 222 224 228 231 232 234 291 297 298 304 
149 220 
149 223 
150 225 234 305 306 307 308 309 310 311 312 313 
150 230 314 315 316 317 
150 229 
150 225 232 
150 225 231 
150 224 302 
150 225 228 
151 
153 237 238 
153 236 238 
153 236 237 
154 
158 
164 242 243 244 
164 241 
164 241 244 
164 241 243 
168 246 
168 245 247 248 249 250 
168 246 248 249 250 
168 246 247 249 
168 246 247 248 
168 246 247 
168 252 
168 251 
169 
174 255 256 257 318 319 
174 254 256 257 
174 254 255 257 
174 254 255 256 
182 
195 196 197 260 261 262 263 
195 196 197 259 261 262 263 264 265 
195 196 197 259 260 262 263 
195 196 197 259 260 261 263 
195 196 197 259 260 261 262 
195 196 197 260 265 
195 196 197 260 264 
198 267 268 269 270 
198 266 268 269 270 
198 266 267 
198 266 267 270 
198 266 267 269 
209 272 
209 271 
209 274 
209 273 
210 219 220 276 
210 219 220 275 
210 219 220 278 279 
210 219 220 277 
210 219 220 277 
216 281 
216 280 
217 
217 284 
217 283 320 321 322 
217 
220 287 288 
220 286 288 
220 286 287 
220 290 
220 289 
221 225 
223 293 
223 292 294 
223 293 
224 296 300 323 324 325 326 327 328 329 330 331 332 333 334 335 336 337 338 
224 295 300 334 335 336 
224 225 298 
224 225 297 299 
224 298 
224 295 296 
224 302 
224 233 301 303 
224 302 
225 
228 306 307 308 309 310 
228 305 311 312 313 
228 305 308 309 310 
228 305 307 309 310 
228 305 307 308 310 
228 305 307 308 309 
228 306 312 313 
228 306 311 313 
228 306 311 312 
229 315 316 317 
229 314 316 317 
229 314 315 317 
229 314 315 316 
254 319 339 
254 318 
284 321 322 
284 320 322 
284 320 321 
295 325 326 340 341 342 
295 331 343 344 345 346 347 
295 323 326 333 334 
295 323 325 327 328 332 333 334 337 
295 326 328 329 330 332 348 349 350 351 352 353 354 355 356 357 358 359 
295 326 327 329 330 332 
295 327 328 330 348 351 
295 327 328 329 349 
295 324 
295 326 327 328 337 
295 325 326 334 
295 296 325 326 333 335 336 
295 296 334 336 
295 296 334 335 
295 326 332 
295 
318 
323 341 342 
323 340 342 
323 340 341 
324 
324 345 346 
324 344 346 
324 344 345 347 
324 346 
327 329 350 351 354 355 356 357 360 361 
327 330 362 363 364 365 366 367 
327 348 351 354 355 356 357 368 369 370 371 372 
327 329 348 350 352 353 354 355 356 357 358 359 
327 351 353 
327 351 352 
327 348 350 351 355 356 357 
327 348 350 351 354 356 357 
327 348 350 351 354 355 357 
327 348 350 351 354 355 356 
327 351 359 
327 351 358 
348 361 373 
348 360 
349 363 364 366 
349 362 
349 362 365 366 367 374 375 
349 364 367 374 
349 362 364 
349 364 365 
350 369 370 371 372 
350 368 370 371 372 
350 368 369 371 372 376 377 378 379 
350 368 369 370 372 
350 368 369 370 371 
360 
364 365 375 
364 374 
370 377 378 379 
370 376 378 379 
370 376 377 379 
370 376 377 378 
